% time     seconds  usecs/call     calls    errors syscall
------ ----------- ----------- --------- --------- ----------------
 28,94    0,000226           6        35           write
 20,61    0,000161         161         1           execve
 13,44    0,000105           5        19           read
  6,27    0,000049           7         7           mmap
  5,63    0,000044          44         1           clone
  4,99    0,000039           6         6           pread64
  4,10    0,000032           5         6           close
  3,97    0,000031           7         4           mprotect
  2,43    0,000019           4         4           fstat
  2,18    0,000017          17         1           munmap
  1,79    0,000014           4         3           brk
  1,79    0,000014           7         2           pipe
  1,79    0,000014           7         2           openat
  1,15    0,000009           4         2         1 arch_prctl
  0,90    0,000007           7         1         1 access
------ ----------- ----------- --------- --------- ----------------
100.00    0,000781                    94         2 total
